((("Formatter" .
   [1 0 0 0 0 0 0 0 0])
  ("fmt" .
   [4 0 3])
  ("func" .
   [1 0 0 1])
  ("Data" .
   [2 0 0 0])
  ("data" .
   [1 0 0 0])
  ("process" .
   [0 0 0 2 0 0 0])
  ("Total" .
   [0 0 1 0 1])
  ("do_sum" .
   [1 0 1 0 6 0])
  ("export" .
   [0 0 0 1 0 0])
  ("case" .
   [1 0 0 0])
  ("string" .
   [3 0 0 0 0 0])
  ("true" .
   [2 0 0 0])
  ("list_to_binary" .
   [0 0 0 0 1 0 0 0 0 0 0 0 0 0])
  ("StrOld" .
   [0 0 0 1 0 0])
  ("replaced" .
   [0 0 0 0 0 0 1 0])
  ("RangeNum" .
   [0 0 0 1 0 0 0 0])
  ("RepList" .
   [0 0 0 1 0 0 0])
  ("list" .
   [1 0 0 0])
  ("length" .
   [0 0 0 0 1 0])
  ("Salt" .
   [1 0 0 0])
  ("end" .
   [1 0 0])
  ("this" .
   [1 0 0 0])
  ("Error" .
   [0 0 1 1 0])))
